s=0 
10*(1/10+s/30)/((s+1)*(s+2))
s=-1
10*(1/10+s/30)/((s)*(s+2))
s=-2
10*(1/10+s/30)/((s+1)*(s))

s=-1
(10*s-30)/((s+2))
s=-2
(10*s-30)/((s+1))
